4, 1275, 1276
15, 16, 17
15, 17, 1254
21, 22, 1253
44, 46, 1294
51, 53, 1234
55, 1228, 1229
59, 61, 1266
60, 62, 66
64, 65, 1265
67, 68, 70
76, 88, 90
97, 99, 107
112, 129, 147
123, 126, 1281
126, 131, 1281
141, 1243, 1244
156, 160, 1245
172, 173, 1194
173, 178, 1194
183, 185, 1205
186, 194, 204
189, 190, 211
238, 1239, 1246
247, 249, 1187
258, 1216, 1217
275, 290, 315
318, 320, 324
331, 344, 351
332, 336, 340
333, 337, 384
352, 353, 385
355, 363, 370
380, 390, 393
388, 403, 405
429, 438, 442
447, 462, 487
468, 473, 1260
472, 1298, 1299
481, 483, 491
492, 514, 519
498, 499, 517
528, 548, 550
544, 552, 1261
585, 589, 591
599, 1277, 1279
630, 635, 1282
640, 644, 646
664, 670, 672
668, 673, 1196
670, 672, 675
681, 683, 698
691, 693, 1202
698, 708, 1280
703, 711, 715
744, 746, 747
779, 780, 1114
806, 1146, 1147
808, 1146, 1147
820, 827, 829
822, 824, 1221
822, 826, 1221
827, 829, 831
831, 849, 852
848, 1128, 1130
849, 852, 854
858, 1127, 1129
859, 863, 1169
878, 883, 886
888, 890, 1208
890, 1204, 1208
899, 902, 1174
901, 1149, 1150
916, 1190, 1191
917, 1190, 1191
918, 1155, 1157
920, 1152, 1154
925, 927, 930
939, 941, 1126
958, 1305, 1308
962, 1269, 1270
966, 975, 1145
988, 990, 1213
1016, 1020, 1023
1044, 1046, 1052
1057, 1058, 1060
1104, 1105, 1303
1116, 1118, 1119
1189, 1198, 1199
1215, 1216, 1217
1218, 1225, 1226
1231, 1232, 1236
1291, 1292, 1293
5, 1271, 1275, 1276
50, 1231, 1232, 1233
61, 65, 1265, 1266
67, 70, 86, 1272
73, 76, 87, 88
79, 80, 81, 1192
85, 1175, 1181, 1184
115, 117, 1166, 1167
129, 131, 146, 147
159, 1121, 1122, 1123
166, 179, 186, 204
179, 186, 187, 194
197, 205, 206, 210
234, 239, 240, 250
241, 254, 259, 264
245, 246, 256, 263
255, 259, 277, 281
256, 260, 267, 269
267, 268, 287, 292
267, 269, 292, 293
269, 270, 293, 297
277, 281, 296, 301
281, 285, 301, 305
292, 293, 302, 308
293, 297, 308, 309
300, 306, 1247, 1248
302, 308, 319, 323
304, 317, 341, 367
308, 309, 322, 323
311, 1247, 1248, 1249
322, 323, 347, 348
322, 326, 348, 355
327, 329, 1257, 1258
330, 333, 335, 337
347, 350, 360, 361
350, 357, 360, 376
355, 362, 369, 370
356, 363, 380, 386
357, 376, 377, 389
361, 362, 369, 374
380, 386, 390, 394
382, 387, 406, 408
385, 391, 414, 424
386, 394, 397, 398
391, 395, 421, 424
393, 400, 427, 434
401, 404, 422, 423
401, 408, 417, 422
403, 405, 415, 416
405, 406, 416, 418
406, 408, 417, 418
410, 413, 1250, 1252
416, 418, 432, 433
417, 418, 431, 432
417, 422, 430, 431
419, 427, 453, 1251
420, 426, 445, 454
422, 423, 430, 437
426, 447, 454, 487
429, 433, 442, 451
430, 431, 449, 455
431, 432, 455, 456
432, 433, 451, 456
436, 440, 450, 458
439, 441, 457, 459
440, 458, 466, 492
442, 451, 485, 486
445, 454, 470, 480
451, 456, 486, 489
454, 480, 487, 504
455, 456, 489, 490
464, 469, 1298, 1299
466, 485, 492, 514
495, 507, 509, 521
497, 528, 545, 548
502, 509, 524, 537
509, 521, 531, 537
548, 550, 576, 597
550, 559, 596, 597
552, 555, 564, 570
554, 566, 571, 607
554, 571, 572, 578
562, 565, 574, 575
564, 570, 1262, 1263
573, 1262, 1263, 1264
577, 602, 606, 622
629, 640, 642, 644
634, 638, 647, 657
639, 650, 671, 677
641, 643, 1178, 1179
645, 649, 662, 1284
657, 659, 681, 687
659, 687, 690, 1285
671, 677, 699, 704
673, 676, 1180, 1196
683, 698, 707, 708
690, 694, 700, 706
694, 695, 706, 709
695, 699, 709, 712
709, 712, 714, 718
711, 715, 719, 725
714, 718, 721, 727
777, 1115, 1116, 1119
800, 802, 1143, 1144
817, 1136, 1141, 1142
863, 866, 1169, 1170
871, 874, 1171, 1172
877, 884, 1138, 1139
903, 1148, 1149, 1150
923, 926, 929, 1151
936, 937, 1124, 1125
948, 953, 963, 969
952, 954, 1305, 1308
957, 966, 975, 977
983, 988, 989, 1213
1010, 1014, 1044, 1046
1034, 1036, 1162, 1164
1039, 1040, 1047, 1049
1042, 1045, 1050, 1055
1047, 1049, 1057, 1060
1069, 1082, 1090, 1093
1090, 1091, 1093, 1099
1110, 1288, 1289, 1290
1152, 1153, 1154, 1156
1153, 1155, 1156, 1157
1162, 1163, 1164, 1165
1181, 1182, 1183, 1184
1237, 1238, 1239, 1246
1289, 1290, 1291, 1292
46, 52, 60, 62, 1294
87, 88, 90, 97, 99
132, 1223, 1224, 1225, 1226
137, 139, 1242, 1243, 1244
181, 191, 197, 201, 205
192, 193, 197, 206, 209
232, 235, 1237, 1238, 1240
239, 245, 250, 256, 260
250, 257, 260, 267, 268
256, 263, 269, 270, 274
270, 274, 286, 297, 298
275, 280, 304, 315, 341
285, 286, 294, 303, 305
287, 292, 302, 321, 1256
289, 291, 310, 330, 335
294, 300, 303, 1248, 1249
295, 304, 317, 338, 366
302, 319, 321, 327, 1258
306, 311, 314, 325, 1247
317, 366, 367, 368, 379
320, 324, 352, 353, 358
338, 344, 366, 372, 1255
344, 351, 357, 372, 377
347, 348, 355, 361, 362
352, 358, 385, 414, 1268
364, 381, 414, 444, 1268
368, 379, 391, 392, 395
374, 387, 388, 405, 406
376, 382, 389, 401, 408
381, 399, 444, 452, 463
389, 392, 401, 404, 407
392, 395, 407, 412, 421
397, 398, 402, 410, 1250
399, 411, 463, 474, 497
402, 403, 413, 415, 1250
411, 460, 465, 497, 528
435, 461, 464, 469, 477
450, 458, 470, 492, 519
469, 472, 477, 488, 1299
501, 562, 574, 580, 587
545, 548, 555, 576, 609
559, 596, 599, 601, 1279
571, 578, 604, 607, 629
604, 626, 629, 642, 656
681, 687, 698, 1280, 1286
687, 690, 700, 1286, 1287
699, 704, 712, 718, 724
700, 706, 709, 714, 1287
715, 725, 728, 730, 736
758, 761, 763, 765, 1177
787, 789, 1197, 1198, 1199
855, 1127, 1128, 1129, 1130
900, 939, 941, 945, 1137
900, 1132, 1133, 1134, 1137
1029, 1037, 1042, 1045, 1296
1037, 1042, 1051, 1055, 1056
1039, 1041, 1049, 1051, 1057
99, 102, 107, 112, 120, 129
233, 237, 243, 246, 263, 274
259, 264, 271, 277, 288, 296
286, 294, 298, 300, 306, 314
297, 298, 309, 314, 322, 326
314, 325, 326, 355, 356, 363
319, 323, 327, 329, 347, 350
329, 331, 350, 351, 357, 1257
341, 353, 367, 368, 385, 391
360, 361, 374, 376, 382, 387
366, 372, 377, 379, 389, 392
404, 407, 412, 423, 437, 439
412, 421, 424, 439, 441, 448
413, 415, 419, 428, 1251, 1252
415, 416, 428, 429, 433, 438
427, 434, 436, 440, 453, 466
441, 448, 459, 481, 491, 496
470, 480, 504, 519, 529, 540
507, 516, 521, 531, 535, 542
601, 611, 625, 1277, 1278, 1279
606, 611, 622, 634, 647, 1278
638, 645, 657, 659, 662, 1285
642, 644, 646, 650, 677, 689
642, 656, 689, 703, 715, 728
658, 668, 676, 691, 693, 1196
779, 1114, 1115, 1116, 1117, 1118
1024, 1029, 1045, 1050, 1059, 1297
101, 152, 154, 156, 160, 161, 162
290, 299, 315, 318, 324, 341, 353
400, 420, 434, 436, 445, 450, 470
414, 424, 444, 448, 452, 496, 526
428, 438, 442, 453, 466, 485, 1251
430, 437, 439, 449, 457, 468, 473
449, 455, 473, 478, 484, 490, 1260
457, 459, 468, 478, 481, 483, 1260
647, 657, 681, 683, 702, 707, 710
865, 888, 890, 891, 893, 1203, 1204
975, 977, 981, 982, 1001, 1158, 1159
1050, 1051, 1055, 1056, 1057, 1058, 1059
1091, 1092, 1099, 1100, 1101, 1110, 1288
257, 268, 287, 295, 316, 338, 1255, 1256
316, 321, 331, 344, 1255, 1256, 1257, 1258
354, 435, 461, 498, 517, 572, 578, 604
390, 393, 394, 397, 410, 419, 427, 1252
567, 577, 600, 602, 622, 627, 630, 1282
622, 630, 634, 635, 638, 645, 649, 1283
662, 671, 690, 694, 695, 699, 1284, 1285
29, 31, 40, 48, 170, 181, 191, 192, 197
56, 63, 67, 70, 76, 90, 95, 97, 1272
215, 219, 232, 233, 237, 238, 241, 1238, 1246
233, 241, 243, 255, 259, 274, 281, 285, 286
363, 369, 370, 374, 386, 388, 398, 402, 403
384, 579, 584, 653, 658, 686, 691, 696, 1202
486, 489, 501, 562, 565, 575, 590, 592, 608
627, 635, 636, 639, 649, 671, 1282, 1283, 1284
1006, 1012, 1059, 1068, 1069, 1074, 1079, 1082, 1297
452, 463, 474, 497, 526, 538, 545, 552, 555, 1261
620, 641, 643, 653, 658, 668, 673, 758, 761, 1180
460, 465, 528, 550, 559, 567, 577, 599, 606, 1277, 1278
566, 600, 605, 607, 627, 629, 636, 639, 640, 646, 650
686, 696, 723, 783, 865, 891, 893, 895, 1189, 1197, 1199, 1203
48, 52, 62, 66, 74, 122, 128, 158, 189, 190, 192, 193, 207, 209
161, 162, 167, 168, 184, 215, 221, 223, 234, 237, 239, 245, 246, 1259
41, 44, 46, 54, 60, 66, 73, 74, 87, 99, 102, 122, 123, 126, 129, 131
42, 47, 50, 55, 118, 121, 125, 127, 141, 144, 155, 1220, 1227, 1228, 1232, 1236, 1242, 1243
792, 794, 796, 814, 820, 827, 831, 839, 849, 854, 856, 859, 866, 869, 872, 1169, 1171, 1172, 1173
122, 123, 126, 128, 131, 146, 158, 166, 179, 184, 187, 189, 211, 221, 223, 224, 229, 230, 231, 1259
25, 42, 50, 59, 61, 64, 68, 70, 95, 97, 99, 102, 129, 131, 146, 155, 157, 160, 161, 162, 166, 167, 179, 184, 187, 1232, 1236, 1245, 1265, 1272
910, 919, 922, 924, 925, 930, 931, 944, 946, 948, 951, 953, 958, 976, 994, 999, 1006, 1012, 1059, 1069, 1070, 1073, 1080, 1086, 1090, 1091, 1092, 1295, 1297, 1307, 1308
190, 206, 207, 209, 210, 211, 223, 224, 229, 230, 231, 234, 239, 250, 257, 295, 304, 339, 341, 353, 354, 381, 385, 399, 411, 414, 444, 465, 498, 517, 554, 566, 567, 572, 600, 605
258, 265, 288, 291, 296, 301, 303, 305, 311, 325, 335, 336, 337, 340, 343, 356, 380, 384, 393, 400, 420, 426, 447, 462, 467, 471, 482, 579, 584, 696, 723, 733, 744, 746, 1210, 1214, 1215, 1216, 1249
802, 806, 808, 814, 839, 851, 855, 856, 858, 875, 877, 883, 884, 886, 900, 905, 906, 909, 911, 913, 914, 915, 918, 920, 923, 926, 945, 957, 959, 961, 966, 1129, 1131, 1133, 1135, 1136, 1141, 1143, 1145, 1146, 1152, 1153, 1155
