4, 4410, 4411
30, 4604, 4605
32, 37, 42
36, 38, 40
41, 3958, 3959
62, 65, 86
77, 80, 82
88, 90, 4491
98, 99, 106
101, 112, 126
111, 113, 4165
114, 4009, 4020
118, 4379, 4396
121, 4511, 4512
128, 4379, 4396
130, 4054, 4055
136, 138, 143
147, 4190, 4192
148, 4166, 4169
152, 158, 161
170, 175, 181
174, 180, 187
182, 188, 4399
195, 4158, 4159
201, 4158, 4159
215, 218, 226
234, 243, 4096
245, 250, 4106
248, 4048, 4049
293, 294, 4578
296, 302, 308
298, 4576, 4577
300, 304, 311
319, 329, 340
345, 355, 368
350, 363, 365
356, 381, 416
375, 4464, 4465
388, 391, 396
398, 402, 4194
400, 403, 412
424, 426, 429
430, 439, 443
440, 4278, 4279
444, 4278, 4279
446, 449, 4238
457, 462, 471
475, 4517, 4518
483, 485, 3991
485, 491, 3991
487, 496, 504
488, 3896, 3897
495, 502, 3990
506, 547, 583
514, 519, 4171
522, 4380, 4382
524, 4056, 4057
529, 4437, 4438
536, 539, 556
544, 549, 4587
544, 552, 4587
557, 562, 565
560, 3965, 3966
566, 633, 639
570, 588, 596
580, 600, 626
581, 4123, 4124
594, 598, 608
599, 625, 4439
611, 3900, 3901
619, 625, 4439
622, 627, 634
647, 652, 657
653, 662, 670
671, 4239, 4240
682, 695, 3893
702, 708, 710
711, 4535, 4536
717, 725, 727
734, 4255, 4256
765, 4344, 4345
790, 792, 4199
797, 4257, 4258
806, 4196, 4198
829, 846, 853
846, 858, 869
858, 887, 894
860, 865, 903
874, 889, 892
874, 892, 912
881, 890, 897
891, 4146, 4147
922, 940, 4261
942, 976, 4280
980, 4210, 4213
984, 4173, 4174
987, 1004, 4242
998, 1005, 4215
1040, 1046, 1056
1068, 1073, 4583
1084, 1085, 1106
1086, 4584, 4585
1102, 1141, 1154
1103, 1107, 1112
1136, 1162, 1182
1156, 1209, 1260
1185, 1190, 4404
1191, 1200, 4301
1217, 1242, 1255
1226, 1247, 4349
1254, 4267, 4268
1269, 1291, 1318
1270, 1274, 1312
1271, 1309, 1328
1291, 1318, 1349
1307, 1357, 1374
1310, 1336, 4302
1364, 1375, 1411
1372, 4303, 4304
1419, 1436, 1453
1432, 4216, 4217
1449, 1459, 1514
1477, 1493, 1504
1490, 1501, 1521
1502, 4038, 4039
1506, 1540, 1542
1528, 1556, 1566
1539, 1558, 4357
1552, 1569, 4040
1561, 1568, 1577
1587, 1616, 1617
1593, 1599, 1611
1607, 4249, 4250
1623, 4440, 4441
1640, 1661, 1662
1643, 1648, 1688
1651, 1710, 1734
1660, 1672, 4327
1665, 1674, 1699
1668, 1695, 1736
1670, 1671, 1694
1680, 4579, 4580
1682, 1684, 1733
1701, 1716, 1743
1704, 1737, 1766
1717, 1729, 4329
1744, 1751, 4573
1749, 1764, 3993
1761, 1836, 1853
1804, 1839, 4134
1821, 1848, 1858
1826, 1828, 1855
1837, 1842, 1861
1840, 1850, 1867
1877, 1885, 4148
1902, 1915, 1967
1907, 1953, 1957
1920, 1958, 1960
1953, 1957, 1959
1977, 4011, 4012
1981, 1985, 2009
1982, 2006, 2010
1991, 2012, 2033
1993, 4011, 4012
1998, 2001, 2007
2004, 2015, 4444
2056, 2072, 2074
2069, 2080, 2084
2078, 2115, 2120
2079, 4359, 4360
2103, 2110, 2132
2116, 4492, 4493
2120, 2122, 2160
2144, 2202, 2230
2153, 2174, 4525
2155, 2164, 2177
2183, 4367, 4369
2185, 2215, 2248
2186, 2198, 4526
2190, 4366, 4367
2194, 2195, 2253
2197, 2241, 2264
2203, 2213, 2217
2221, 2228, 2256
2233, 4022, 4023
2242, 2244, 4406
2255, 3960, 3961
2259, 4022, 4023
2265, 2284, 3969
2269, 2292, 2311
2283, 4151, 4152
2290, 2314, 2331
2324, 2337, 4102
2330, 2358, 2371
2344, 2362, 4377
2353, 2365, 3949
2353, 3949, 3950
2356, 2379, 2413
2364, 4101, 4103
2375, 2380, 4024
2380, 2386, 4024
2385, 2411, 4334
2390, 2418, 2425
2397, 2404, 2408
2402, 2436, 2445
2420, 2424, 2431
2432, 2438, 2442
2439, 2449, 2454
2441, 2453, 2467
2475, 2485, 4014
2476, 2480, 2497
2479, 4335, 4338
2488, 2522, 2534
2492, 2529, 4378
2500, 2516, 4109
2510, 4016, 4017
2523, 2543, 2552
2532, 2550, 4501
2546, 4025, 4027
2560, 2572, 2590
2561, 2565, 4131
2565, 2578, 4131
2567, 2577, 4500
2568, 2574, 4408
2583, 4274, 4275
2596, 2607, 4431
2600, 2608, 4130
2600, 4129, 4130
2604, 2632, 4516
2616, 2637, 4276
2619, 2627, 2629
2621, 2645, 2659
2622, 2632, 4516
2666, 2668, 4430
2696, 2703, 2704
2708, 2712, 2721
2719, 2726, 2734
2733, 2755, 2771
2742, 2748, 2758
2761, 2763, 2764
2763, 2764, 3911
2788, 2793, 2802
2803, 2811, 4135
2803, 2817, 4135
2806, 4092, 4093
2808, 4092, 4093
2816, 2820, 4091
2830, 2838, 2846
2840, 2844, 4042
2843, 2849, 2862
2847, 2850, 2852
2853, 2882, 2886
2859, 2868, 2870
2864, 4139, 4140
2882, 2886, 2896
2887, 2892, 2901
2913, 2915, 2917
2952, 2975, 2980
2964, 3006, 3017
2970, 2995, 3008
2975, 2980, 2985
2978, 3005, 4409
2979, 4154, 4157
2986, 4155, 4156
2997, 3019, 3043
2999, 3002, 3036
3000, 3074, 3077
3009, 3011, 3014
3033, 3918, 3920
3061, 3890, 3892
3072, 3885, 3886
3074, 3077, 3081
3090, 3101, 4051
3105, 3109, 3945
3109, 3945, 3946
3118, 3121, 3895
3121, 3128, 3895
3130, 3940, 3943
3131, 3925, 3927
3141, 3952, 3953
3144, 3149, 3153
3150, 3921, 3924
3152, 4125, 4126
3156, 4115, 4127
3161, 3165, 4114
3174, 3180, 4053
3180, 3186, 4053
3181, 4005, 4006
3183, 4084, 4085
3212, 4094, 4095
3214, 4007, 4008
3215, 4007, 4008
3220, 4094, 4095
3222, 3229, 3996
3226, 3228, 4066
3227, 4615, 4616
3229, 3996, 3997
3237, 3241, 3242
3239, 4058, 4059
3245, 3251, 4607
3253, 3257, 3947
3271, 3299, 3375
3276, 3291, 4448
3301, 3303, 3305
3307, 3309, 4519
3310, 3313, 3316
3317, 3318, 3320
3351, 3360, 4619
3360, 3363, 4619
3374, 4392, 4393
3453, 3457, 3458
3474, 3477, 4143
3476, 3486, 3493
3479, 3481, 3484
3489, 3494, 4142
3499, 3985, 3986
3507, 3511, 3517
3564, 3632, 3647
3565, 3581, 3596
3566, 3575, 4021
3574, 3580, 4090
3582, 3585, 3631
3583, 3601, 4110
3588, 3593, 3598
3592, 3614, 3617
3599, 3605, 4133
3608, 3613, 3989
3645, 3655, 3657
3662, 3668, 3675
3669, 3673, 3680
3674, 3677, 4237
3681, 3686, 3688
3682, 3683, 3685
3695, 3700, 3701
3708, 4060, 4074
3710, 3712, 3714
3724, 4118, 4119
3738, 3755, 4588
3739, 3745, 4503
3744, 3746, 4490
3753, 3764, 3765
3770, 3773, 3775
3772, 3776, 4254
3796, 3804, 3821
3806, 4574, 4575
3811, 4068, 4069
3818, 4121, 4122
3828, 4070, 4072
3845, 3847, 3849
3858, 3859, 4594
3861, 4596, 4597
3863, 3864, 4589
3867, 3868, 4591
3906, 3907, 3908
3915, 3916, 3917
3937, 3939, 3942
3960, 3961, 3970
3975, 3976, 3979
3985, 3986, 3987
4001, 4003, 4004
4015, 4016, 4017
4028, 4029, 4030
4029, 4030, 4031
4047, 4048, 4049
4063, 4064, 4065
4136, 4137, 4138
4145, 4146, 4147
4176, 4177, 4179
4228, 4229, 4230
4239, 4240, 4241
4289, 4290, 4294
4318, 4319, 4320
4464, 4465, 4466
4506, 4508, 4509
4598, 4600, 4601
4612, 4614, 4624
5, 4394, 4412, 4413
10, 12, 14, 3948
17, 47, 50, 61
25, 29, 4277, 4342
31, 4604, 4605, 4606
31, 46, 4606, 4609
39, 4626, 4627, 4628
43, 4629, 4631, 4633
112, 126, 127, 133
115, 129, 4511, 4512
117, 122, 4054, 4055
139, 142, 153, 160
140, 4167, 4189, 4191
142, 151, 160, 169
155, 159, 162, 4168
165, 174, 180, 4510
175, 181, 4401, 4402
182, 183, 188, 190
183, 190, 197, 4397
186, 4400, 4401, 4402
189, 193, 203, 4398
189, 203, 220, 231
192, 196, 200, 266
217, 223, 238, 239
217, 224, 239, 240
220, 231, 272, 275
224, 240, 263, 4434
239, 240, 263, 4435
263, 270, 274, 4434
285, 4419, 4421, 4423
290, 4415, 4416, 4418
294, 4576, 4577, 4578
306, 318, 339, 342
309, 313, 322, 325
322, 325, 338, 4463
332, 349, 351, 4414
338, 4460, 4462, 4463
352, 4450, 4451, 4453
359, 361, 4036, 4037
381, 389, 416, 417
398, 404, 4193, 4194
402, 408, 4193, 4194
438, 446, 4195, 4238
450, 451, 457, 462
459, 463, 4097, 4098
480, 482, 4517, 4518
486, 3896, 3897, 3898
500, 503, 4388, 4389
518, 523, 4056, 4057
519, 647, 652, 4171
531, 538, 4437, 4438
553, 563, 569, 4424
563, 575, 585, 4424
568, 3963, 3965, 3966
573, 578, 4123, 4124
582, 640, 649, 667
588, 596, 4620, 4622
589, 604, 613, 617
591, 597, 605, 4150
603, 616, 3900, 3901
618, 661, 703, 4610
618, 4610, 4621, 4623
621, 637, 651, 664
651, 664, 699, 705
664, 669, 705, 714
679, 682, 686, 3893
700, 4537, 4539, 4540
739, 741, 4255, 4256
769, 772, 4344, 4345
771, 780, 3907, 3908
778, 805, 825, 4283
793, 808, 814, 827
796, 825, 830, 4283
803, 809, 810, 822
809, 822, 833, 848
811, 816, 835, 854
813, 824, 833, 845
832, 836, 841, 4214
836, 841, 861, 873
842, 857, 881, 890
843, 851, 878, 882
846, 853, 869, 876
853, 867, 876, 901
856, 898, 928, 939
858, 869, 894, 907
859, 866, 969, 1037
867, 880, 901, 915
869, 876, 907, 917
871, 887, 906, 913
876, 901, 917, 925
877, 895, 4207, 4208
880, 895, 915, 926
883, 884, 941, 943
887, 894, 906, 923
894, 907, 923, 938
901, 915, 925, 944
902, 910, 948, 954
902, 916, 954, 957
907, 917, 938, 955
911, 920, 4145, 4147
913, 916, 950, 957
915, 926, 944, 945
925, 944, 973, 982
930, 981, 1025, 1051
936, 940, 966, 967
941, 971, 977, 4261
947, 952, 972, 992
954, 957, 996, 1002
959, 981, 1001, 1007
968, 978, 4173, 4174
969, 1037, 1049, 1091
985, 991, 995, 1000
986, 997, 1008, 1014
993, 1058, 1075, 1082
996, 1002, 1015, 1029
1001, 1007, 1010, 4347
1009, 1037, 1076, 1091
1012, 1017, 1035, 1043
1013, 1041, 1044, 4581
1018, 1032, 1042, 1050
1020, 4260, 4262, 4263
1023, 1026, 1062, 1063
1024, 1048, 1054, 1059
1031, 1032, 1050, 1057
1041, 1044, 1068, 1073
1047, 1061, 1087, 4348
1051, 1074, 1079, 1097
1053, 4288, 4292, 4293
1054, 1059, 1071, 1092
1055, 1070, 1083, 4264
1062, 1063, 1085, 1090
1074, 1095, 1097, 1117
1077, 1081, 1116, 4284
1104, 1121, 1124, 1175
1106, 1111, 1140, 1142
1114, 1126, 1131, 1158
1119, 1125, 1150, 1153
1119, 1125, 4296, 4298
1120, 1129, 1151, 4285
1120, 4285, 4286, 4287
1123, 1126, 1158, 4162
1124, 1174, 1175, 1220
1134, 1142, 1183, 1189
1146, 1152, 1160, 1179
1150, 1153, 1188, 1205
1152, 1160, 1161, 4403
1169, 1177, 1193, 1208
1170, 1193, 1224, 1256
1175, 1198, 1220, 1234
1177, 1189, 1208, 1215
1183, 1189, 1215, 1218
1198, 1207, 1234, 1245
1200, 4299, 4300, 4301
1202, 1216, 1262, 1276
1203, 1221, 1225, 1249
1207, 1217, 1245, 1255
1213, 1224, 1244, 1248
1218, 1240, 1272, 1273
1220, 1234, 1278, 1282
1222, 1230, 1263, 1275
1223, 1228, 1232, 1252
1224, 1244, 1256, 1266
1231, 1237, 4267, 4268
1234, 1245, 1282, 1288
1244, 1266, 1297, 1300
1264, 1270, 1312, 1320
1264, 1278, 1320, 1323
1266, 1300, 1308, 1311
1267, 1290, 1301, 4243
1278, 1282, 1323, 1324
1286, 1304, 4265, 4266
1292, 1303, 1314, 1315
1304, 1321, 1338, 4269
1304, 1313, 1321, 4265
1316, 1324, 1333, 1360
1316, 1327, 1333, 1343
1322, 1325, 1363, 1388
1331, 1345, 1366, 1369
1331, 1366, 1367, 4317
1334, 1347, 1376, 1377
1339, 1359, 1393, 1398
1344, 1352, 4323, 4324
1345, 1348, 1369, 4305
1354, 1373, 4271, 4272
1354, 1358, 4270, 4272
1359, 1362, 1398, 1407
1362, 1382, 1407, 1412
1363, 1388, 1401, 1403
1371, 1381, 1408, 1413
1376, 1378, 1421, 1422
1381, 1400, 1413, 1445
1384, 1390, 4321, 4322
1400, 1409, 1445, 1454
1402, 1425, 4306, 4307
1404, 1431, 4306, 4307
1404, 4303, 4307, 4308
1418, 1434, 1442, 4273
1419, 1422, 1453, 1466
1426, 1439, 1447, 4248
1430, 1451, 1456, 1482
1439, 1447, 1476, 1486
1445, 1454, 1487, 1507
1451, 1472, 1482, 1511
1457, 1470, 1477, 1504
1460, 1465, 1492, 1498
1463, 1517, 1525, 1585
1489, 1509, 4038, 4039
1493, 1504, 1545, 1574
1494, 1500, 1620, 1630
1504, 1522, 1560, 1574
1505, 1516, 1543, 1547
1508, 1510, 1539, 1549
1513, 1530, 1531, 1564
1516, 1524, 1547, 1571
1523, 1550, 1576, 1592
1524, 1571, 1582, 1598
1525, 1585, 1589, 1652
1530, 1564, 1621, 1692
1531, 1557, 1564, 1606
1532, 1538, 4351, 4352
1545, 1574, 1594, 1605
1557, 1606, 1608, 1657
1558, 4325, 4326, 4357
1564, 1606, 1692, 1718
1583, 1608, 1626, 1646
1594, 1605, 1682, 1684
1604, 1638, 1639, 1651
1608, 1646, 1657, 1681
1628, 4251, 4252, 4253
1633, 1645, 4440, 4441
1642, 1667, 1679, 1711
1646, 1671, 1681, 1703
1655, 1676, 1800, 4541
1659, 1683, 4251, 4252
1671, 1694, 1703, 1721
1689, 1708, 1755, 1773
1690, 1700, 1770, 1781
1694, 1721, 1731, 1761
1705, 1714, 1750, 1754
1708, 1735, 1763, 1773
1712, 1739, 1742, 1798
1727, 1742, 1760, 1769
1780, 1788, 1793, 1806
1788, 1806, 1822, 1847
1811, 1833, 1851, 1856
1818, 1821, 1837, 1858
1819, 1823, 1857, 4427
1823, 1833, 1856, 4427
1837, 1858, 1861, 1873
1839, 1918, 2030, 4134
1851, 1856, 1866, 4428
1856, 1875, 4427, 4428
1857, 1875, 1881, 4427
1861, 1873, 1901, 1906
1865, 1878, 1880, 1899
1870, 1888, 1924, 1961
1871, 1910, 1932, 1938
1874, 1879, 1916, 4442
1875, 1881, 1914, 1922
1878, 1889, 1899, 1921
1880, 1899, 1903, 1933
1882, 1894, 1919, 1929
1889, 1898, 1921, 1936
1897, 1917, 4425, 4426
1898, 1923, 1936, 1947
1903, 1933, 1941, 1978
1904, 1914, 1928, 1937
1914, 1922, 1937, 1946
1917, 1925, 1956, 4426
1919, 1920, 1945, 1958
1925, 1930, 1956, 1963
1927, 1951, 1962, 1987
1936, 1947, 1965, 1982
1937, 1946, 1995, 2005
1962, 1987, 1997, 2008
1989, 2000, 2041, 2044
2000, 2017, 2040, 2041
2011, 2015, 2068, 2129
2024, 2029, 2045, 2054
2027, 2038, 2076, 2091
2028, 2039, 2043, 2064
2029, 2038, 2054, 2076
2034, 2070, 2123, 2141
2036, 2092, 2113, 2128
2039, 2064, 2081, 2102
2040, 2041, 2100, 2106
2042, 2049, 4363, 4365
2054, 2076, 2090, 2096
2060, 4361, 4362, 4364
2061, 2067, 2071, 4331
2095, 2101, 2149, 2156
2100, 2101, 2149, 2150
2108, 2109, 2134, 4524
2130, 2137, 4514, 4515
2132, 2135, 2151, 4531
2134, 2148, 4524, 4525
2135, 2148, 2151, 4524
2142, 2152, 2169, 2173
2148, 2151, 2170, 4532
2148, 2170, 2174, 4525
2150, 2184, 2194, 4531
2152, 2158, 2173, 2178
2155, 2163, 2177, 2185
2161, 2169, 2180, 2189
2164, 2177, 2191, 2204
2169, 2173, 2189, 2193
2170, 4526, 4532, 4533
2173, 2178, 2193, 2207
2176, 2180, 2211, 2218
2177, 2185, 2204, 2215
2179, 2187, 2212, 2224
2187, 2196, 2224, 2239
2193, 2207, 2235, 2237
2196, 2209, 2239, 2267
2212, 2224, 2240, 2251
2216, 2232, 2252, 4529
2216, 4528, 4529, 4530
2221, 2228, 4373, 4376
2224, 2239, 2251, 2271
2234, 2278, 2348, 2349
2238, 2261, 2290, 2302
2239, 2267, 2271, 2286
2240, 2251, 2282, 2291
2241, 2264, 2292, 2395
2261, 2273, 2302, 2310
2263, 2293, 2304, 4497
2268, 2281, 2299, 4405
2269, 2295, 2311, 2340
2270, 2279, 4151, 4152
2276, 2281, 2295, 2323
2276, 2281, 4405, 4407
2278, 2306, 2349, 2350
2281, 2299, 2323, 2332
2282, 2291, 2321, 2335
2285, 2322, 2327, 2370
2290, 2302, 2331, 2343
2291, 2303, 2335, 2342
2295, 2323, 2340, 2366
2302, 2310, 2343, 2356
2303, 2309, 2342, 2354
2309, 2312, 2354, 2360
2310, 2347, 2356, 2379
2312, 2320, 2360, 2376
2321, 2335, 2357, 2374
2323, 2332, 2366, 2401
2331, 2343, 2382, 2394
2343, 2356, 2394, 2413
2347, 2350, 2379, 2398
2348, 2349, 2414, 2423
2349, 2350, 2398, 2414
2355, 2367, 2402, 2409
2357, 2374, 2400, 2410
2359, 2378, 4498, 4499
2374, 2393, 2400, 2419
2382, 2394, 2426, 2446
2388, 2399, 2435, 2452
2391, 2406, 4333, 4337
2393, 2405, 2419, 2429
2394, 2413, 2446, 2450
2398, 2414, 2443, 2486
2399, 2403, 4498, 4499
2400, 2419, 2430, 2444
2402, 2409, 2436, 2451
2406, 2407, 2433, 4337
2410, 2415, 2453, 2455
2419, 2429, 2444, 2456
2435, 2452, 2495, 2505
2436, 2445, 2468, 2470
2436, 2451, 2468, 2473
2437, 2440, 2476, 2480
2439, 2449, 2457, 2461
2440, 2458, 2477, 2480
2443, 2450, 2486, 2494
2444, 2456, 2478, 2482
2452, 2463, 2505, 2518
2457, 2461, 2475, 4014
2463, 2481, 2518, 2525
2471, 2484, 2508, 2527
2474, 2490, 2499, 2515
2489, 4485, 4486, 4488
2496, 2506, 2509, 2526
2496, 2506, 4487, 4489
2499, 2515, 2520, 4429
2511, 4336, 4339, 4340
2522, 2534, 2543, 2560
2534, 2548, 2560, 2572
2535, 2540, 2542, 2544
2537, 2541, 2558, 2562
2537, 2550, 2558, 4501
2545, 2549, 2570, 2580
2547, 2549, 2552, 2580
2548, 2572, 2573, 2582
2559, 2566, 3999, 4000
2563, 2579, 2581, 2587
2569, 2571, 2576, 4026
2571, 2576, 2588, 2599
2572, 2582, 2589, 2590
2588, 2599, 2601, 2606
2603, 2604, 2612, 4516
2611, 2626, 2648, 2658
2612, 2615, 2622, 4516
2687, 2691, 2702, 2705
2699, 2700, 2713, 2716
2702, 2705, 2709, 2714
2709, 2714, 2736, 2741
2717, 2727, 2737, 2739
2726, 2727, 2734, 2737
2763, 2768, 3910, 3911
2781, 2782, 2783, 2812
2806, 2816, 4091, 4092
2807, 2823, 2832, 2841
2823, 2829, 2841, 2858
2825, 2834, 2848, 2855
2832, 2837, 2841, 2851
2837, 2851, 2856, 2867
2841, 2851, 2858, 2866
2851, 2866, 2867, 2887
2856, 2865, 2867, 2877
2861, 2868, 2870, 2906
2867, 2877, 2887, 2892
2877, 2892, 2897, 4164
2880, 2882, 2895, 2896
2892, 2897, 2901, 2905
2911, 2919, 2924, 2928
2919, 2926, 2928, 2933
2941, 2947, 2956, 2961
2947, 2958, 2961, 2971
2974, 2984, 2991, 3003
2983, 2989, 3916, 3917
2984, 3003, 3015, 3028
3006, 3015, 3017, 3032
3015, 3028, 3032, 3034
3022, 3024, 3026, 3884
3048, 3050, 3075, 3085
3067, 3078, 3082, 3951
3078, 3080, 3084, 3951
3082, 3084, 3086, 3951
3101, 4050, 4051, 4052
3106, 3108, 3119, 4045
3106, 4045, 4050, 4052
3120, 3122, 4043, 4044
3138, 3923, 3926, 3929
3140, 3141, 3143, 3952
3143, 3148, 3952, 3953
3156, 4125, 4126, 4127
3175, 3178, 3956, 3957
3176, 3179, 4084, 4085
3184, 4002, 4005, 4006
3237, 3242, 4058, 4059
3244, 3255, 3271, 3375
3263, 3292, 3323, 3340
3267, 3270, 3274, 3278
3272, 3276, 3289, 3291
3285, 3288, 4520, 4521
3319, 3321, 3334, 3337
3321, 3325, 3331, 3334
3326, 3330, 3339, 4447
3327, 3380, 3419, 3462
3330, 3332, 3342, 4447
3331, 3334, 3345, 3347
3332, 3338, 3342, 3350
3334, 3337, 3347, 4433
3338, 3344, 3350, 3355
3350, 3355, 3366, 3369
3356, 3358, 3377, 3382
3358, 3361, 3382, 3393
3392, 3395, 3982, 3983
3395, 3403, 3405, 3982
3403, 3404, 3420, 3421
3404, 3406, 3421, 3973
3406, 3407, 3422, 3973
3413, 3418, 3430, 3431
3421, 3426, 3973, 3974
3451, 3453, 3455, 3457
3471, 3489, 3491, 3494
3498, 3503, 3975, 3976
3569, 3575, 3579, 4021
3590, 3595, 3608, 3989
3593, 3598, 3616, 3618
3601, 3609, 3615, 3619
3607, 3616, 3621, 3626
3614, 3617, 3628, 3634
3615, 3619, 3635, 3637
3642, 4567, 4568, 4569
3643, 4568, 4569, 4571
3651, 3653, 4032, 4034
3655, 3658, 3666, 3672
3664, 3667, 3671, 3687
3671, 3687, 3697, 3699
3673, 3680, 3681, 3686
3679, 3682, 3684, 3685
3693, 3695, 3696, 3700
3705, 3725, 3731, 3737
3739, 3742, 4502, 4503
3746, 3753, 3765, 4490
3763, 3772, 3776, 3777
3764, 3765, 3783, 3799
3773, 3775, 3779, 3781
3779, 3781, 3787, 3789
3801, 3810, 3816, 4120
3806, 3808, 4513, 4574
3814, 4061, 4068, 4069
3816, 4120, 4121, 4122
3830, 4070, 4071, 4072
3835, 3837, 4063, 4065
3837, 3838, 4064, 4065
3842, 3844, 4086, 4087
3847, 3849, 3851, 3852
3860, 3861, 4595, 4596
3864, 3865, 4589, 4590
3865, 3867, 4590, 4591
3875, 4598, 4599, 4600
3875, 4600, 4601, 4602
3880, 4504, 4505, 4507
3885, 3886, 3887, 3889
3887, 3888, 3889, 3891
3888, 3890, 3891, 3892
3922, 3928, 3932, 3934
3923, 3925, 3929, 3933
3925, 3927, 3933, 3935
3928, 3930, 3934, 3936
3933, 3935, 3937, 3939
3935, 3938, 3939, 3941
3938, 3940, 3941, 3943
3954, 3955, 3956, 3957
4032, 4033, 4034, 4035
4136, 4137, 4139, 4140
4154, 4155, 4156, 4157
4177, 4178, 4179, 4182
4180, 4181, 4184, 4186
4181, 4183, 4186, 4188
4189, 4190, 4191, 4192
4196, 4197, 4198, 4200
4216, 4217, 4218, 4219
4221, 4224, 4225, 4226
4259, 4263, 4281, 4282
4309, 4310, 4312, 4313
4311, 4312, 4314, 4315
4312, 4313, 4314, 4316
4335, 4336, 4338, 4339
4362, 4363, 4364, 4365
4371, 4372, 4374, 4375
4372, 4373, 4375, 4376
4380, 4381, 4382, 4384
4381, 4383, 4384, 4386
4383, 4385, 4386, 4387
4385, 4387, 4388, 4389
4410, 4411, 4412, 4413
4416, 4417, 4418, 4420
4417, 4419, 4420, 4423
4450, 4452, 4453, 4455
4452, 4454, 4455, 4457
4454, 4456, 4457, 4459
4456, 4458, 4459, 4461
4458, 4460, 4461, 4462
4478, 4479, 4480, 4482
4485, 4487, 4488, 4489
4504, 4506, 4507, 4508
4534, 4535, 4536, 4538
4534, 4537, 4538, 4539
4544, 4546, 4549, 4551
4554, 4555, 4557, 4558
4611, 4612, 4613, 4614
4615, 4616, 4617, 4618
4620, 4621, 4622, 4623
4627, 4628, 4630, 4632
4630, 4631, 4632, 4633
90, 92, 98, 99, 4491
178, 184, 186, 191, 4400
193, 197, 199, 4397, 4398
244, 245, 252, 4106, 4107
250, 254, 4106, 4107, 4108
254, 256, 258, 4099, 4108
263, 270, 276, 277, 4435
270, 274, 277, 281, 4436
272, 275, 278, 285, 4421
276, 277, 283, 284, 4436
281, 284, 292, 4422, 4436
283, 284, 292, 306, 318
301, 306, 332, 339, 4414
327, 333, 343, 354, 357
333, 353, 357, 362, 383
339, 342, 351, 370, 4414
371, 384, 422, 434, 458
544, 549, 552, 554, 574
571, 582, 621, 637, 640
575, 585, 600, 619, 631
604, 615, 617, 646, 707
649, 667, 689, 690, 704
759, 764, 842, 857, 872
775, 780, 3905, 3906, 3907
796, 800, 830, 919, 929
808, 817, 823, 827, 831
810, 822, 828, 848, 855
814, 827, 829, 853, 867
824, 838, 845, 883, 884
825, 830, 851, 882, 919
833, 845, 848, 883, 900
875, 908, 4207, 4208, 4212
883, 900, 922, 941, 4261
906, 913, 923, 938, 950
908, 914, 932, 933, 937
911, 920, 993, 1058, 1060
938, 950, 955, 987, 1003
943, 947, 972, 1023, 1026
944, 945, 973, 4202, 4203
948, 952, 954, 992, 996
950, 957, 1002, 1003, 1015
956, 974, 4210, 4211, 4213
960, 963, 979, 4204, 4205
970, 995, 1000, 1009, 1076
971, 977, 4259, 4260, 4263
972, 992, 996, 1023, 1029
973, 998, 1005, 1018, 4202
974, 980, 1016, 1019, 4213
979, 980, 1019, 1034, 4205
994, 998, 1027, 1033, 4215
997, 1014, 1020, 4263, 4282
1005, 1018, 1027, 1042, 4215
1011, 1045, 1053, 4293, 4297
1020, 1026, 1055, 1063, 4262
1025, 1047, 1051, 1079, 4348
1027, 1033, 1038, 1042, 1067
1035, 1040, 1043, 1046, 1052
1039, 1095, 1104, 1113, 1124
1045, 1070, 4292, 4293, 4295
1046, 1052, 1056, 1156, 1209
1055, 1063, 1084, 1085, 4264
1061, 1081, 1087, 1109, 4284
1070, 1078, 1083, 1096, 4295
1076, 1091, 1113, 1124, 1174
1078, 1096, 4290, 4291, 4294
1081, 1109, 1116, 1148, 1196
1083, 1084, 1106, 1111, 4264
1086, 1093, 1103, 1107, 4585
1095, 1104, 1117, 1121, 1147
1121, 1147, 1175, 1198, 1207
1140, 1142, 1150, 1183, 1188
1153, 1168, 1181, 1205, 1227
1161, 1173, 1184, 1192, 4403
1181, 1187, 1202, 1227, 1262
1183, 1188, 1205, 1218, 1240
1184, 1192, 1214, 1223, 1232
1205, 1227, 1240, 1243, 1273
1216, 1230, 1263, 1276, 1285
1228, 1239, 1252, 1270, 1274
1244, 1248, 1267, 1297, 1301
1245, 1255, 1288, 1295, 1299
1249, 1269, 1317, 1318, 1330
1263, 1275, 1285, 1287, 1289
1282, 1288, 1295, 1316, 1324
1290, 1302, 1306, 4243, 4244
1295, 1299, 1305, 1316, 1327
1306, 1309, 1328, 1340, 4244
1335, 1355, 1362, 1382, 1385
1336, 1346, 1352, 4302, 4324
1348, 1351, 1372, 4304, 4305
1366, 1367, 1384, 1386, 4321
1373, 1377, 1380, 1415, 4271
1378, 1379, 1383, 1420, 1421
1383, 1390, 1417, 1420, 4322
1393, 1398, 1418, 1428, 4273
1395, 1399, 1444, 1452, 1471
1398, 1407, 1428, 1437, 1448
1402, 1425, 4310, 4311, 4312
1402, 4307, 4308, 4309, 4310
1407, 1412, 1437, 1439, 4248
1413, 1445, 1458, 1487, 1491
1420, 1421, 1494, 1495, 1500
1421, 1422, 1466, 1478, 1495
1423, 1426, 1430, 1447, 1456
1424, 1528, 1544, 1566, 1580
1434, 1442, 1446, 1461, 1484
1437, 1439, 1448, 1476, 4246
1450, 1462, 4218, 4219, 4220
1452, 1471, 1479, 1480, 1497
1452, 1460, 1465, 1480, 4350
1453, 1466, 1478, 1529, 1570
1459, 1505, 1514, 1537, 1543
1461, 1469, 1484, 1499, 4245
1465, 1480, 1498, 1508, 1510
1467, 1494, 1533, 1601, 1620
1469, 1499, 1503, 1520, 1534
1469, 1476, 1503, 4245, 4246
1472, 1511, 1523, 1559, 1576
1476, 1486, 1503, 1520, 4247
1478, 1495, 1570, 1624, 1625
1480, 1497, 1510, 1526, 1527
1482, 1511, 1535, 1554, 1572
1484, 1499, 1519, 1534, 1553
1495, 1500, 1624, 1630, 4330
1510, 1526, 1549, 1575, 4354
1511, 1559, 1572, 1581, 1590
1519, 1553, 1567, 1587, 1617
1533, 1563, 1601, 1612, 4328
1537, 1629, 1632, 1649, 1658
1539, 1549, 4354, 4356, 4357
1540, 1542, 4231, 4232, 4233
1542, 1551, 4233, 4234, 4235
1555, 4223, 4224, 4225, 4227
1560, 1574, 1605, 1669, 1682
1575, 4353, 4354, 4355, 4356
1591, 1597, 1631, 1643, 1648
1591, 1597, 4232, 4233, 4234
1604, 1609, 1639, 4353, 4355
1619, 1668, 1736, 1744, 1751
1621, 1692, 1697, 1783, 1785
1635, 1683, 1709, 4251, 4253
1644, 1656, 1702, 1708, 1735
1666, 1673, 4183, 4187, 4188
1673, 1693, 1712, 1739, 4187
1680, 1695, 1705, 1714, 4580
1686, 1707, 1738, 1787, 1792
1691, 1700, 1717, 1729, 1770
1692, 1718, 1783, 1817, 1821
1721, 1741, 1761, 1834, 1836
1742, 1769, 1774, 1798, 1840
1746, 1765, 1778, 1789, 1819
1760, 1769, 1774, 1780, 1788
1783, 1785, 1813, 1818, 1821
1789, 1799, 1819, 1823, 1833
1809, 1813, 1818, 1837, 1842
1815, 1832, 1835, 3994, 3995
1834, 1836, 1865, 1878, 4391
1836, 1853, 1878, 1889, 1898
1848, 1854, 1858, 1873, 1895
1869, 1871, 1902, 1915, 1932
1890, 1900, 1913, 1926, 4468
1901, 1906, 1935, 1949, 4358
1916, 1927, 1940, 1962, 4442
1921, 1936, 1965, 1973, 1998
1924, 1961, 1991, 2012, 2023
1941, 1970, 1978, 2034, 2070
1942, 1951, 1987, 2008, 4445
1948, 1996, 2026, 2037, 2046
1965, 1982, 1998, 2001, 2006
1995, 1999, 2003, 2005, 2119
1997, 2008, 2020, 2025, 4443
2019, 2021, 2168, 2172, 2246
2031, 2050, 2059, 2087, 2099
2055, 2060, 2079, 4360, 4361
2063, 4474, 4476, 4477, 4481
2064, 2102, 2118, 4514, 4515
2066, 4471, 4472, 4474, 4477
2081, 2102, 2121, 2130, 4514
2082, 2094, 4480, 4482, 4483
2090, 2096, 2112, 2116, 4492
2094, 2107, 2127, 4479, 4482
2108, 2110, 2132, 2135, 4524
2124, 2183, 2188, 2190, 4367
2136, 2139, 2161, 2176, 2180
2138, 2139, 2142, 2161, 2169
2149, 2150, 2156, 2194, 2195
2151, 2184, 4531, 4532, 4533
2159, 2165, 2167, 2179, 2187
2180, 2189, 2193, 2218, 2235
2184, 4527, 4528, 4530, 4533
2192, 2222, 2238, 2261, 2273
2198, 2201, 4526, 4527, 4533
2201, 2232, 4527, 4528, 4529
2205, 4368, 4370, 4371, 4374
2209, 2223, 2267, 4494, 4495
2219, 2240, 2277, 2282, 2321
2222, 2227, 2273, 2278, 2306
2244, 2268, 4405, 4406, 4407
2251, 2271, 2291, 2303, 2309
2263, 2293, 4494, 4495, 4496
2267, 2286, 2289, 4495, 4496
2273, 2306, 2310, 2347, 2350
2289, 2320, 2376, 2388, 4496
2304, 2307, 2359, 2378, 4497
2314, 2331, 2382, 2417, 2426
2335, 2342, 2354, 2374, 2393
2337, 2351, 4101, 4102, 4103
2340, 2366, 2390, 2401, 2418
2354, 2360, 2376, 2393, 2405
2358, 2361, 2371, 2471, 2484
2376, 2388, 2405, 2429, 2435
2379, 2398, 2413, 2443, 2450
2395, 2425, 2447, 2474, 2490
2400, 2410, 2430, 2441, 2453
2414, 2423, 2486, 2513, 2519
2426, 2446, 2450, 2481, 2494
2429, 2435, 2456, 2482, 2495
2462, 2469, 2493, 2521, 2524
2468, 2470, 2473, 2483, 2491
2472, 2489, 2501, 4484, 4486
2477, 2480, 2497, 2507, 2514
2513, 2519, 2523, 2547, 2552
2518, 2525, 2537, 2541, 4501
2546, 2556, 2569, 4026, 4027
2573, 2582, 2589, 2615, 2622
2587, 2631, 2633, 2634, 2638
2665, 2668, 2670, 2672, 4430
2689, 2696, 2698, 2703, 2706
2692, 2699, 2713, 2719, 2726
2698, 2706, 2707, 2708, 2712
2703, 2704, 2706, 2708, 2721
2750, 2766, 2779, 2792, 2798
2773, 2857, 2859, 2861, 2868
2787, 2796, 2807, 2823, 2829
2834, 2849, 2855, 2862, 2885
2848, 2853, 2855, 2880, 2882
2855, 2880, 2885, 2895, 2899
2865, 2876, 2877, 2881, 4164
2871, 2874, 2904, 2927, 2944
2895, 2896, 2899, 2907, 2909
2904, 2911, 2919, 2926, 2927
2907, 2914, 2918, 2929, 3001
2924, 2928, 2933, 2941, 2947
2947, 2958, 2961, 2964, 3006
2997, 3005, 3042, 3043, 4409
2999, 3017, 3032, 3036, 3089
3028, 3034, 3045, 3053, 3057
3068, 3112, 3124, 3126, 3127
3147, 3921, 3922, 3924, 3932
3175, 3178, 3262, 3287, 3322
3240, 3248, 3250, 4001, 4003
3291, 3302, 3310, 3313, 4448
3309, 3336, 3356, 3377, 4519
3319, 3337, 3338, 3344, 4433
3343, 3362, 3384, 3387, 3390
3366, 3369, 3373, 3385, 3388
3403, 3405, 3420, 3423, 3984
3420, 3421, 3425, 3426, 3984
3422, 3427, 3972, 3973, 3974
3425, 3426, 3436, 3437, 3974
3461, 3466, 3474, 3477, 3502
3471, 3476, 3489, 3493, 4142
3481, 3484, 3492, 3500, 3501
3565, 3567, 3596, 3599, 4133
3585, 3587, 3624, 3631, 4543
3586, 3588, 3593, 3607, 3616
3620, 4547, 4559, 4560, 4561
3622, 4544, 4545, 4549, 4550
3625, 3633, 4547, 4548, 4561
3633, 3639, 3642, 4548, 4567
3660, 3664, 3679, 3684, 3687
3686, 3688, 3693, 3696, 3698
3745, 3748, 3751, 4502, 4503
3785, 3795, 3798, 3801, 3810
3802, 3804, 3805, 3821, 3853
3855, 3859, 3860, 4594, 4595
3926, 3929, 3931, 3933, 3937
3930, 3931, 3936, 3937, 3942
4178, 4180, 4182, 4184, 4185
4225, 4226, 4227, 4228, 4229
4366, 4367, 4368, 4369, 4370
4470, 4471, 4474, 4475, 4476
4549, 4550, 4551, 4552, 4553
4552, 4553, 4554, 4556, 4557
4556, 4557, 4558, 4559, 4560
4613, 4614, 4617, 4618, 4624
4626, 4628, 4629, 4630, 4631
236, 244, 252, 253, 4104, 4105
252, 253, 257, 258, 4107, 4108
290, 292, 295, 301, 306, 4415
378, 382, 390, 393, 395, 407
554, 571, 574, 621, 630, 651
569, 585, 599, 619, 625, 4424
641, 644, 654, 700, 701, 4540
669, 675, 709, 714, 721, 4582
721, 754, 821, 1013, 4581, 4582
769, 772, 778, 796, 800, 4283
791, 795, 803, 807, 810, 828
792, 798, 4197, 4199, 4200, 4201
807, 828, 843, 855, 863, 878
823, 831, 832, 839, 4209, 4214
856, 859, 939, 970, 1009, 1037
863, 878, 882, 931, 934, 942
882, 919, 929, 942, 976, 1006
884, 910, 943, 947, 948, 952
886, 891, 920, 993, 1075, 4147
895, 908, 926, 932, 935, 4208
898, 928, 930, 951, 959, 981
917, 925, 955, 982, 987, 4242
928, 939, 951, 970, 985, 995
932, 935, 937, 956, 4206, 4211
940, 967, 971, 4259, 4261, 4281
941, 943, 977, 1026, 4260, 4262
951, 959, 985, 991, 1001, 1010
960, 980, 4205, 4206, 4210, 4211
963, 994, 998, 4202, 4203, 4204
966, 967, 986, 997, 4281, 4282
979, 994, 1033, 1034, 1038, 4204
1003, 1015, 1024, 1029, 1054, 1071
1023, 1029, 1062, 1071, 1090, 1094
1071, 1092, 1094, 1102, 1127, 1141
1077, 1078, 4288, 4291, 4292, 4295
1085, 1090, 1106, 1134, 1142, 1144
1090, 1094, 1102, 1144, 1154, 1163
1133, 1139, 1166, 1195, 1203, 1225
1134, 1144, 1163, 1169, 1177, 1189
1162, 1182, 1187, 1191, 1202, 1216
1173, 1176, 1184, 1190, 1214, 4404
1174, 1220, 1239, 1264, 1270, 1278
1191, 1216, 1222, 1230, 4300, 4301
1194, 1210, 1322, 1388, 1401, 1496
1208, 1215, 1218, 1231, 1237, 1250
1218, 1250, 1272, 1281, 1286, 4266
1242, 1253, 1255, 1294, 1299, 1305
1246, 1258, 1271, 1302, 1309, 4244
1281, 1283, 1286, 1313, 1329, 4265
1308, 1311, 1332, 1337, 1358, 4270
1313, 1321, 1329, 1334, 1347, 4269
1332, 1334, 1354, 1373, 1377, 4270
1333, 1343, 1360, 1389, 1395, 1399
1338, 1346, 1347, 1376, 1378, 4269
1346, 1352, 1356, 1378, 1379, 4323
1365, 1389, 1395, 1441, 1452, 4350
1366, 1369, 1386, 4309, 4313, 4316
1369, 4303, 4304, 4305, 4308, 4309
1375, 1394, 1399, 1411, 1444, 1485
1376, 1377, 1415, 1419, 1422, 1436
1380, 1393, 1415, 1418, 1434, 1446
1382, 1385, 1412, 1423, 1426, 4248
1410, 1463, 1517, 1541, 1593, 1599
1444, 1471, 1479, 1485, 1532, 4351
1479, 1497, 1527, 1532, 1548, 4352
1481, 1530, 1621, 1697, 1756, 1785
1487, 1491, 1506, 1507, 1542, 1551
1522, 1560, 1562, 1655, 1669, 1676
1526, 1527, 1575, 1604, 1638, 4353
1537, 1543, 1547, 1571, 1598, 1649
1550, 1555, 1591, 1592, 1631, 4223
1556, 1566, 1580, 1586, 1619, 1668
1561, 1577, 1597, 1614, 4234, 4235
1568, 1577, 1584, 1614, 1636, 4175
1586, 1664, 1668, 1680, 1695, 4579
1589, 1652, 1670, 1675, 1694, 1731
1597, 1614, 1648, 1665, 1688, 1699
1600, 1609, 4326, 4355, 4356, 4357
1600, 1612, 1641, 4325, 4326, 4328
1602, 1635, 1686, 1707, 1709, 1738
1606, 1657, 1681, 1718, 1817, 1824
1607, 1628, 1634, 1659, 4249, 4252
1610, 1616, 1617, 1640, 1653, 1661
1624, 1625, 1687, 1713, 1724, 4330
1627, 1642, 1656, 1679, 1689, 1708
1634, 1659, 1683, 1709, 1715, 1738
1664, 1667, 1711, 1714, 4579, 4580
1702, 1720, 1735, 1763, 1768, 1803
1716, 1730, 1743, 1765, 1789, 1799
1725, 1729, 1770, 1876, 1886, 4329
1774, 1788, 1822, 1840, 1850, 1852
1796, 1874, 1879, 1890, 1913, 4469
1817, 1821, 1824, 1848, 1854, 1872
1824, 1865, 1872, 1880, 1903, 4391
1869, 1870, 1902, 1924, 1967, 1991
1873, 1895, 1906, 1948, 1949, 1996
1879, 1916, 1927, 1942, 1951, 4469
1897, 1917, 1923, 1947, 1956, 1963
1899, 1921, 1933, 1941, 1970, 1973
1900, 1926, 1955, 1980, 2013, 4468
1904, 1925, 1928, 1930, 4425, 4426
1913, 1942, 1955, 4445, 4468, 4469
1944, 1989, 2044, 2088, 2108, 2109
1968, 1981, 2009, 2035, 2053, 2089
1979, 1988, 2035, 2053, 2061, 2067
1999, 2011, 2119, 2129, 2131, 2140
2012, 2023, 2028, 2033, 2039, 2081
2014, 2018, 2024, 2027, 2029, 2038
2041, 2044, 2103, 2106, 2108, 2110
2050, 2057, 2078, 2099, 2120, 2122
2076, 2091, 2096, 2114, 4492, 4493
2085, 2087, 2099, 2157, 2159, 2165
2100, 2103, 2106, 2132, 2150, 4531
2107, 2127, 2157, 2159, 2162, 2167
2162, 2167, 2179, 2212, 2219, 2240
2184, 2194, 2216, 2252, 2253, 4530
2188, 2190, 2205, 2220, 4366, 4368
2200, 2213, 2217, 2227, 2234, 2278
2254, 2324, 2351, 2432, 2442, 4102
2271, 2286, 2289, 2309, 2312, 2320
2277, 2294, 2321, 2357, 2410, 2415
2292, 2311, 2340, 2390, 2395, 2425
2307, 2314, 2378, 2403, 2417, 4498
2407, 2412, 2433, 2498, 2503, 2517
2416, 2420, 2431, 2500, 2516, 2528
2451, 2458, 2473, 2477, 2491, 2507
2469, 2521, 2530, 4028, 4029, 4031
2481, 2494, 2525, 2536, 2541, 2557
2482, 2495, 2505, 2518, 2532, 4501
2489, 2501, 2506, 2526, 4485, 4487
2498, 2511, 2517, 2563, 2579, 4340
2536, 2545, 2557, 2567, 2570, 4500
2691, 2692, 2705, 2717, 2726, 2727
2803, 2811, 2817, 2833, 2847, 2850
2926, 2927, 2933, 2944, 2947, 2958
2956, 2961, 2974, 2984, 3006, 3015
2991, 2994, 3003, 3028, 3045, 3053
3009, 3011, 3018, 3027, 3048, 3075
3102, 3152, 3156, 3164, 4115, 4125
3281, 3287, 3322, 3335, 3343, 3387
3318, 3320, 3324, 3326, 3339, 3378
3372, 3386, 3392, 3424, 3981, 3983
3392, 3405, 3423, 3433, 3981, 3982
3583, 3588, 3598, 3601, 3609, 3618
3587, 3604, 3622, 3624, 3636, 4545
3636, 3638, 4544, 4545, 4546, 4563
3638, 3646, 4563, 4564, 4565, 4566
3639, 3646, 3664, 3667, 4564, 4566
3666, 3672, 3689, 3693, 3695, 3701
3728, 3769, 3774, 3796, 3802, 3804
3734, 3736, 3744, 3749, 3753, 4490
3851, 3852, 3856, 3866, 3880, 4505
4286, 4287, 4289, 4294, 4296, 4298
4475, 4476, 4478, 4480, 4481, 4483
105, 111, 113, 155, 159, 173, 176
637, 640, 664, 667, 669, 675, 689
646, 707, 719, 751, 756, 759, 764
675, 689, 704, 709, 743, 754, 4582
783, 791, 805, 807, 825, 843, 851
797, 813, 816, 824, 835, 838, 4258
827, 831, 867, 877, 880, 895, 4209
839, 875, 877, 879, 4207, 4209, 4212
926, 935, 945, 960, 963, 4203, 4206
929, 1006, 1025, 1047, 1061, 1077, 4284
973, 982, 1004, 1018, 1031, 1032, 4242
976, 1006, 1011, 1053, 1077, 4280, 4288
987, 1003, 1004, 1024, 1031, 1048, 1057
1008, 1014, 1020, 1045, 1055, 1070, 4297
1120, 1125, 1151, 1153, 1168, 4286, 4296
1127, 1141, 1154, 1163, 1169, 1170, 1193
1129, 1136, 1151, 1168, 1181, 1182, 1187
1174, 1185, 1190, 1214, 1223, 1228, 1239
1193, 1208, 1231, 1254, 1256, 1277, 4268
1206, 1213, 1248, 1258, 1267, 1290, 1302
1237, 1250, 1254, 1277, 1281, 1283, 4267
1241, 1247, 1251, 1253, 1294, 1296, 4349
1301, 1306, 1335, 1340, 1355, 4222, 4243
1314, 1315, 1331, 1344, 1356, 4317, 4323
1318, 1330, 1349, 1455, 1481, 1513, 1530
1337, 1339, 1358, 1380, 1393, 4271, 4272
1356, 1367, 1379, 1383, 4317, 4321, 4322
1401, 1403, 1457, 1496, 1504, 1522, 1562
1408, 1413, 1450, 1458, 1490, 1501, 4220
1416, 1432, 1462, 1472, 1523, 4216, 4218
1417, 1420, 1440, 1467, 1494, 4319, 4320
1428, 1442, 1448, 1461, 4245, 4246, 4273
1438, 1441, 1460, 1492, 1533, 1563, 4350
1447, 1456, 1482, 1486, 1515, 1535, 4247
1515, 1520, 1534, 1535, 1554, 1613, 4247
1529, 1567, 1570, 1587, 1610, 1616, 1625
1554, 1572, 1581, 1613, 1634, 4249, 4250
1555, 1591, 4227, 4228, 4230, 4231, 4232
1559, 1576, 1590, 1592, 1602, 1647, 1686
1579, 1629, 1666, 4184, 4185, 4186, 4188
1601, 1612, 1620, 1641, 1650, 1660, 4327
1629, 1632, 1666, 1673, 1712, 1727, 1742
1681, 1703, 1721, 1741, 1824, 1834, 4391
1940, 1962, 1983, 1997, 2004, 2020, 4444
2015, 2020, 2036, 2068, 2092, 4443, 4444
2026, 2034, 2046, 2070, 2097, 2104, 2141
2037, 2046, 2055, 2097, 2105, 4359, 4360
2045, 2054, 2057, 2078, 2090, 2112, 2115
2068, 2092, 2128, 2129, 2155, 2163, 2164
2085, 2107, 2157, 4470, 4475, 4478, 4479
2131, 2140, 2197, 2264, 2381, 2395, 2447
2198, 2201, 2232, 2252, 2253, 2285, 2322
2200, 2211, 2234, 2250, 2348, 2423, 2428
2202, 2219, 2230, 2272, 2277, 2294, 2341
2211, 2218, 2235, 2237, 2250, 2280, 2301
2245, 2344, 2362, 2385, 2391, 4333, 4334
2293, 2359, 2388, 2399, 4496, 4497, 4499
2399, 2403, 2417, 2426, 2452, 2463, 2481
2423, 2428, 2488, 2519, 2522, 2523, 2543
2430, 2441, 2444, 2467, 2472, 2478, 4484
2486, 2494, 2513, 2536, 2545, 2547, 2549
2538, 2571, 2588, 2601, 4025, 4026, 4027
2607, 2609, 2635, 2665, 2666, 2668, 4431
2781, 2782, 2812, 2830, 2846, 2860, 2891
3288, 3307, 3309, 3356, 3358, 3361, 4521
3289, 3291, 3313, 3316, 3319, 3321, 3325
3339, 3342, 3350, 3366, 3378, 3385, 4447
3423, 3425, 3433, 3434, 3435, 3436, 3984
3424, 3433, 3435, 3467, 3470, 3540, 3981
3465, 3482, 3531, 3533, 3535, 3539, 3543
3515, 3524, 3549, 3564, 3632, 3674, 3677
3536, 3561, 3562, 3574, 3580, 3602, 3610
3623, 3625, 3630, 3633, 3643, 4567, 4569
3624, 3636, 3638, 3667, 3671, 3699, 4564
3655, 3657, 3672, 3673, 3681, 3688, 3693
3656, 3660, 3669, 3679, 3680, 3682, 3683
4546, 4551, 4552, 4554, 4555, 4563, 4565
121, 127, 129, 133, 145, 165, 4510, 4511
184, 188, 190, 191, 197, 199, 205, 4399
278, 290, 292, 4416, 4417, 4419, 4421, 4422
318, 329, 340, 342, 356, 367, 370, 381
599, 602, 619, 625, 631, 655, 677, 693
795, 801, 803, 809, 813, 833, 4257, 4258
839, 841, 873, 879, 908, 914, 4212, 4214
848, 855, 863, 900, 922, 931, 936, 940
981, 1007, 1022, 1039, 1051, 1074, 1095, 4347
991, 1000, 1010, 1022, 1039, 1076, 1113, 4347
1077, 1116, 1129, 4285, 4287, 4289, 4290, 4291
1083, 1096, 1111, 1119, 1140, 1150, 4294, 4298
1093, 1107, 1112, 1165, 1279, 1293, 1307, 1357
1116, 1129, 1136, 1162, 1191, 1196, 1200, 4299
1165, 1194, 1307, 1374, 1424, 1496, 1528, 1556
1196, 1222, 1241, 1275, 1287, 1296, 4299, 4300
1227, 1243, 1262, 1276, 1285, 1289, 1292, 1303
1243, 1273, 1292, 1310, 1314, 1336, 1344, 4324
1256, 1266, 1277, 1283, 1311, 1329, 1332, 1334
1272, 1273, 1304, 1310, 1338, 1346, 4266, 4302
1294, 1296, 1305, 1327, 1343, 1351, 1365, 1389
1312, 1320, 1323, 1324, 1360, 1375, 1394, 1399
1351, 1365, 1372, 1404, 1431, 1438, 1441, 4303
1355, 1385, 1416, 1423, 1430, 1451, 1472, 4222
1415, 1436, 1446, 1453, 1484, 1519, 1529, 1567
1492, 1498, 1508, 1539, 1558, 1563, 4325, 4328
1534, 1553, 1613, 1617, 1634, 1640, 1662, 1715
1544, 1565, 1580, 1586, 1627, 1642, 1664, 1667
1581, 1590, 1602, 1607, 1628, 1635, 4250, 4253
1592, 1631, 1643, 1647, 1688, 1699, 1704, 1737
1620, 1630, 1650, 1687, 1690, 1691, 1700, 4330
1650, 1660, 1672, 1691, 1706, 1717, 1725, 4329
1854, 1872, 1895, 1903, 1948, 1978, 2026, 2034
1980, 2013, 2014, 2024, 2031, 2045, 2050, 2057
2013, 2031, 2059, 2066, 2085, 2087, 4470, 4471
2082, 2094, 2127, 2133, 2144, 2162, 2202, 2219
2250, 2280, 2301, 2428, 2488, 2534, 2548, 2573
2279, 2283, 2346, 2377, 2531, 2553, 2575, 4152
2453, 2455, 2467, 2472, 2496, 4486, 4488, 4489
2469, 2521, 2524, 2530, 2538, 2546, 2556, 4025
2529, 2533, 2598, 2611, 2620, 2625, 2626, 4378
2581, 2583, 2587, 2616, 2634, 2636, 4274, 4276
3018, 3023, 3075, 3085, 3107, 3194, 3201, 3230
3538, 3552, 3555, 3560, 3561, 3563, 3586, 3607
3601, 3609, 3615, 3618, 3635, 3649, 3662, 3668
3604, 3611, 3620, 3622, 4550, 4553, 4556, 4560
3639, 3642, 3648, 3656, 3660, 3664, 4568, 4571
3639, 4547, 4548, 4555, 4558, 4559, 4565, 4566
3680, 3683, 3684, 3685, 3686, 3687, 3697, 3698
3734, 3742, 3744, 3746, 3751, 3765, 3783, 4502
155, 162, 176, 195, 201, 206, 207, 213, 4158
372, 375, 384, 389, 417, 422, 442, 4464, 4466
528, 533, 543, 570, 588, 661, 4610, 4622, 4623
835, 838, 854, 871, 884, 902, 910, 913, 916
1195, 1225, 1249, 1269, 1291, 1349, 1364, 1411, 1455
1287, 1289, 1296, 1303, 1315, 1331, 1345, 1348, 1351
1297, 1300, 1301, 1308, 1335, 1337, 1339, 1359, 1362
1317, 1330, 1370, 1513, 1531, 1557, 1583, 1608, 1626
1384, 1386, 1390, 1417, 4314, 4315, 4316, 4318, 4320
1462, 1490, 1521, 1523, 1550, 4220, 4221, 4223, 4224
1496, 1556, 1562, 1619, 1655, 1744, 1757, 4541, 4573
1600, 1609, 1639, 1641, 1651, 1672, 1706, 1710, 4327
1647, 1686, 1704, 1766, 1777, 1787, 1790, 1826, 1828
1695, 1705, 1736, 1750, 1751, 1757, 1776, 1810, 4573
1770, 1781, 1882, 1886, 1919, 1920, 1939, 1960, 1974
1928, 1930, 1937, 1947, 1963, 1982, 2003, 2005, 2010
1955, 2008, 2013, 2025, 2063, 2066, 4445, 4472, 4477
2017, 2040, 2095, 2100, 2101, 2138, 2142, 2152, 2158
2025, 2036, 2063, 2082, 2113, 2133, 4443, 4481, 4483
2088, 2108, 2109, 2126, 2148, 2170, 2186, 4524, 4526
2099, 2122, 2160, 2165, 2175, 2187, 2196, 2209, 2223
2113, 2128, 2133, 2144, 2163, 2185, 2230, 2248, 2272
2121, 2130, 2136, 2137, 2176, 2200, 2203, 2211, 2213
2294, 2341, 2355, 2409, 2415, 2437, 2440, 2451, 2458
2415, 2437, 2455, 2476, 2496, 2497, 2509, 2512, 2514
3032, 3034, 3053, 3057, 3064, 3076, 3089, 3171, 3243
3770, 3775, 3781, 3789, 3825, 3827, 3840, 3841, 4078
165, 180, 187, 194, 198, 215, 226, 371, 372, 384
613, 617, 646, 759, 774, 842, 874, 881, 897, 912
742, 744, 762, 765, 766, 769, 778, 783, 805, 4345
793, 804, 811, 814, 829, 846, 854, 858, 871, 887
931, 934, 936, 942, 966, 986, 1008, 1011, 4280, 4297
949, 953, 958, 964, 990, 1065, 1114, 1131, 1155, 1172
978, 984, 989, 990, 1021, 1030, 1114, 1123, 1126, 4174
1049, 1091, 1146, 1152, 1161, 1173, 1174, 1176, 1185, 4404
1328, 1340, 1371, 1408, 1416, 1432, 1450, 4217, 4219, 4222
1370, 1397, 1410, 1463, 1525, 1589, 1626, 1646, 1670, 1671
1409, 1427, 1429, 1449, 1454, 1507, 1514, 1537, 1579, 1629
1584, 1636, 1693, 4176, 4177, 4178, 4180, 4181, 4183, 4187
1614, 1636, 1665, 1693, 1699, 1737, 1759, 1766, 1777, 1790
1675, 1730, 1731, 1761, 1799, 1811, 1833, 1851, 1853, 1866
1853, 1866, 1875, 1897, 1898, 1904, 1914, 1923, 4425, 4428
1881, 1911, 1922, 1946, 1983, 1995, 1999, 2004, 2011, 2015
1935, 1949, 1950, 1996, 2037, 2042, 2055, 4361, 4362, 4363
2427, 2479, 2511, 2533, 2579, 2587, 2620, 2631, 4335, 4336
2555, 2561, 2565, 2578, 2594, 2600, 2608, 2621, 2645, 4129
3634, 3645, 3655, 3658, 3666, 3689, 3701, 3709, 3710, 3712
3731, 3737, 3741, 3754, 3811, 3814, 3824, 3826, 4062, 4068
3787, 3789, 3803, 3813, 3815, 3827, 3829, 3831, 3842, 4086
34, 35, 46, 49, 51, 54, 59, 60, 61, 95, 4609
96, 108, 123, 139, 142, 151, 163, 169, 185, 217, 224
163, 185, 189, 224, 231, 272, 274, 278, 281, 4422, 4434
821, 1013, 1044, 1073, 1093, 1130, 1201, 1279, 4583, 4584, 4585
1049, 1091, 1146, 1174, 1179, 1195, 1239, 1270, 1312, 1364, 1375
1425, 1431, 1438, 1440, 1467, 1533, 4306, 4311, 4315, 4318, 4319
1458, 1491, 1501, 1506, 1521, 1540, 4221, 4226, 4229, 4230, 4231
1517, 1585, 1599, 1611, 1652, 1675, 1716, 1730, 1743, 1746, 1765
1693, 1739, 1759, 1790, 1798, 1828, 1840, 1855, 1867, 1883, 1896
1749, 1764, 1767, 1775, 1814, 1815, 1827, 2032, 2069, 2080, 3994
1888, 1961, 2018, 2023, 2027, 2028, 2039, 2064, 2091, 2114, 2118
2313, 2315, 2401, 2418, 2425, 2490, 2492, 2529, 2568, 2598, 4408
2367, 2381, 2384, 2402, 2445, 2447, 2470, 2474, 2483, 2499, 4429
2391, 2406, 2411, 2427, 2433, 2479, 2498, 4334, 4338, 4339, 4340
3628, 3630, 3634, 3643, 3645, 3648, 3656, 3657, 3669, 3673, 4571
199, 203, 205, 220, 275, 285, 295, 4398, 4415, 4418, 4420, 4423
492, 493, 529, 531, 553, 569, 599, 602, 655, 674, 677, 4438
1507, 1551, 1561, 1568, 1579, 1584, 4175, 4176, 4179, 4182, 4185, 4235
1669, 1676, 1682, 1733, 1740, 1800, 1910, 1938, 1944, 1989, 2000, 2017
1915, 1932, 1938, 1967, 1991, 2017, 2033, 2081, 2121, 2136, 2138, 2139
2129, 2140, 2164, 2177, 2185, 2248, 2272, 2341, 2355, 2367, 2381, 2384
3362, 3384, 3386, 3395, 3403, 3404, 3406, 3407, 3409, 3422, 3972, 3983
3374, 3416, 3419, 3432, 3461, 3462, 3466, 3515, 3524, 3629, 3663, 4393
218, 226, 309, 313, 319, 340, 367, 372, 375, 381, 389, 4464, 4466
280, 317, 334, 406, 435, 440, 444, 450, 457, 471, 478, 481, 4278
313, 319, 325, 340, 352, 367, 4453, 4455, 4457, 4459, 4461, 4462, 4463
422, 442, 455, 458, 465, 475, 482, 493, 589, 613, 674, 774, 4518
1056, 1066, 1156, 1235, 1260, 1261, 1268, 1433, 1443, 1618, 1984, 2019, 2021
1411, 1444, 1455, 1471, 1479, 1481, 1485, 1497, 1527, 1638, 1651, 1734, 1756
3384, 3390, 3396, 3398, 3409, 3427, 3444, 3492, 3500, 3501, 3532, 3534, 3972
3409, 3427, 3446, 3450, 3451, 3455, 3479, 3481, 3492, 3532, 3534, 3971, 3972
3568, 3582, 3585, 3587, 3624, 3699, 3721, 3728, 3738, 3752, 3761, 3769, 4588
612, 620, 622, 627, 633, 639, 641, 649, 690, 700, 711, 4534, 4535, 4537
725, 727, 729, 786, 790, 793, 804, 806, 808, 811, 817, 4196, 4197, 4199
1260, 1863, 1976, 1986, 2019, 2098, 2246, 2254, 2416, 2420, 2424, 2432, 2438, 2465
1512, 1578, 1582, 1598, 1603, 1632, 1649, 1658, 1727, 1760, 1780, 1788, 1806, 2052
1687, 1690, 1713, 1724, 1781, 1795, 1882, 1894, 1929, 1979, 1985, 1988, 2009, 2035
2112, 2114, 2115, 2116, 2118, 2137, 2181, 2192, 2203, 2217, 2222, 2227, 4493, 4515
2115, 2120, 2160, 2175, 2181, 2192, 2223, 2238, 2263, 2290, 2304, 2307, 2314, 4494
1706, 1710, 1725, 1734, 1756, 1783, 1785, 1821, 1858, 1873, 1876, 1906, 1935, 1949, 1950
3255, 3285, 3288, 3299, 3303, 3305, 3317, 3318, 3361, 3375, 3378, 3385, 3388, 3393, 3401
3430, 3431, 3432, 3480, 3515, 3549, 3677, 3719, 3726, 3729, 3740, 3763, 3772, 4237, 4254
762, 765, 766, 772, 776, 785, 800, 802, 856, 859, 866, 898, 929, 930, 1025, 4344
1079, 1087, 1097, 1109, 1117, 1147, 1148, 1196, 1207, 1217, 1241, 1242, 1253, 1294, 1296, 4348
1787, 1792, 1820, 1826, 1855, 1860, 1883, 1896, 1907, 1953, 1959, 2086, 2317, 2330, 2361, 2371
1541, 1593, 1611, 1623, 1633, 1746, 1778, 1796, 1819, 1857, 1874, 1881, 1911, 1940, 1983, 4440, 4442
2205, 2220, 2228, 2256, 2315, 2336, 2362, 2385, 2411, 2427, 2492, 2533, 4371, 4372, 4373, 4377, 4378
3561, 3607, 3610, 3616, 3618, 3649, 3668, 3675, 3725, 3731, 3762, 3825, 3826, 3828, 4070, 4071, 4078
3235, 3244, 3255, 3266, 3291, 3303, 3305, 3313, 3316, 3317, 3318, 3319, 3338, 3350, 3366, 3378, 3385, 4448
3675, 3707, 3720, 3724, 3735, 3757, 3762, 3770, 3773, 3779, 3785, 3787, 3795, 3800, 3803, 4078, 4117, 4118
77, 82, 114, 117, 130, 177, 216, 227, 248, 251, 321, 359, 361, 409, 4009, 4046, 4047, 4048, 4055
587, 607, 628, 688, 692, 708, 710, 713, 735, 789, 918, 946, 961, 1017, 1035, 1040, 1056, 1066, 4128
1774, 1788, 1806, 1840, 1867, 1896, 1907, 1953, 1959, 2052, 2257, 2330, 2346, 2358, 2484, 2508, 2531, 2540, 2544
1918, 2030, 2592, 2593, 2594, 2597, 2600, 2608, 2619, 2621, 2627, 2659, 2786, 2794, 2795, 2800, 2815, 4129, 4132
1984, 2019, 2021, 2072, 2074, 2075, 2206, 2210, 2246, 2254, 2324, 2337, 2364, 2624, 2628, 2664, 2692, 2699, 2700, 4103
2677, 2689, 2698, 2707, 2740, 2742, 2758, 2762, 2787, 2796, 2807, 2814, 2832, 2837, 2838, 2846, 2856, 2860, 2865, 2876
48, 58, 107, 134, 136, 137, 138, 140, 147, 280, 317, 334, 406, 435, 438, 446, 449, 450, 451, 4189, 4190
107, 113, 140, 147, 159, 192, 266, 300, 311, 373, 380, 404, 408, 413, 438, 4165, 4168, 4189, 4190, 4193, 4195
2351, 2364, 2416, 2420, 2424, 2438, 2442, 2528, 2614, 2617, 2624, 2628, 2654, 2664, 2669, 2671, 2676, 2754, 2789, 4083, 4101
2478, 2482, 2501, 2507, 2509, 2512, 2514, 2526, 2532, 2537, 2541, 2557, 2567, 2577, 2596, 2665, 2668, 2685, 4430, 4431, 4484, 4501
99, 106, 115, 129, 151, 165, 169, 217, 218, 226, 239, 276, 283, 309, 313, 318, 319, 329, 371, 372, 384, 4435, 4510
577, 600, 614, 626, 631, 674, 677, 693, 738, 742, 744, 766, 774, 776, 785, 802, 812, 819, 865, 874, 889, 903, 4343
3805, 3806, 3819, 3845, 3849, 3851, 3853, 3855, 3856, 3860, 3862, 3863, 3864, 3866, 3867, 3868, 3870, 3871, 4513, 4575, 4590, 4596, 4597
728, 729, 761, 790, 806, 817, 823, 832, 836, 841, 873, 914, 933, 937, 956, 968, 974, 984, 989, 1016, 4173, 4196, 4197, 4199
59, 62, 65, 71, 83, 95, 125, 132, 172, 289, 293, 294, 298, 528, 533, 546, 554, 566, 571, 574, 582, 630, 639, 649, 4576
886, 905, 921, 1012, 1043, 1052, 1075, 1082, 1209, 1260, 1804, 1863, 1918, 1976, 1986, 2098, 2465, 2555, 2561, 2565, 2578, 2594, 2619, 2627, 4134
1965, 1970, 1973, 1982, 1998, 2003, 2010, 2070, 2097, 2104, 2105, 2119, 2124, 2131, 2141, 2188, 2197, 2220, 2264, 2313, 2315, 2395, 2401, 2418, 2425
2416, 2465, 2528, 2555, 2614, 2617, 2645, 2654, 2659, 2754, 2786, 2789, 2804, 2808, 2816, 2820, 2952, 2975, 2985, 3031, 3037, 3102, 3161, 3164, 4092, 4114
534, 540, 541, 545, 598, 608, 840, 847, 862, 885, 918, 1056, 1066, 1099, 1105, 1156, 1229, 1236, 1260, 1284, 1984, 2019, 2021, 2056, 2074, 4088, 4100
132, 145, 165, 289, 293, 294, 298, 371, 434, 458, 475, 482, 546, 566, 589, 604, 612, 615, 620, 622, 627, 633, 641, 644, 654, 694, 701, 4518, 4576
2828, 2844, 2845, 2857, 2861, 2879, 2884, 2906, 2908, 2923, 2930, 2937, 2939, 2976, 2996, 3000, 3074, 3081, 3083, 3090, 3106, 3114, 3116, 3119, 3120, 3122, 4042, 4050, 4051
1770, 1781, 1876, 1882, 1886, 1894, 1929, 1935, 1949, 1950, 1979, 1996, 2037, 2046, 2061, 2067, 2071, 2097, 2105, 2124, 2183, 2221, 2245, 2256, 2336, 2344, 4369, 4370, 4374, 4375, 4376, 4377
478, 481, 503, 506, 522, 536, 556, 577, 583, 623, 671, 691, 717, 727, 738, 742, 783, 786, 791, 795, 797, 801, 811, 816, 4239, 4241, 4257, 4343, 4382, 4384, 4386, 4387, 4389
1610, 1625, 1653, 1661, 1662, 1715, 1724, 1738, 1792, 1795, 1820, 1860, 1985, 2009, 2035, 2053, 2067, 2071, 2086, 2245, 2317, 2361, 2391, 2406, 2433, 2471, 2498, 2517, 2527, 2554, 2563, 2581, 2602, 4274, 4275, 4333
2889, 2912, 2921, 2939, 2960, 2965, 2993, 3080, 3083, 3084, 3086, 3140, 3143, 3148, 3149, 3153, 3163, 3175, 3191, 3198, 3202, 3210, 3214, 3215, 3222, 3229, 3248, 3322, 3343, 3362, 3372, 3386, 3955, 3957, 3997, 4003, 4004, 4007
2779, 2792, 2798, 2803, 2811, 2812, 2843, 2847, 2852, 2862, 2864, 2874, 2885, 2891, 2899, 2907, 2909, 2934, 2944, 2958, 2964, 2973, 2979, 2986, 3017, 3032, 3068, 3089, 3112, 3126, 3190, 3243, 3258, 3263, 3280, 3292, 3323, 4137, 4138, 4139, 4154, 4156
134, 137, 138, 143, 170, 181, 186, 191, 205, 295, 301, 306, 317, 318, 342, 356, 370, 416, 417, 440, 442, 444, 455, 465, 481, 493, 503, 522, 536, 556, 577, 600, 614, 626, 631, 674, 677, 693, 4278, 4382, 4384, 4386, 4387, 4389, 4402
989, 1016, 1019, 1034, 1038, 1042, 1048, 1050, 1057, 1058, 1059, 1060, 1065, 1067, 1082, 1092, 1114, 1123, 1126, 1127, 1131, 1155, 1170, 1172, 1206, 1213, 1224, 1246, 1258, 1271, 1328, 1371, 1381, 1400, 1409, 1427, 1429, 1449, 1459, 1505, 1512, 1516, 1524, 1578, 1582, 1603, 1637, 1804
3203, 3205, 3227, 3245, 3251, 3252, 3254, 3256, 3300, 3314, 3336, 3344, 3345, 3347, 3351, 3355, 3360, 3363, 3365, 3369, 3373, 3377, 3379, 3382, 3388, 3393, 3401, 3408, 3413, 3417, 3418, 3431, 3452, 3459, 3465, 3480, 3531, 3550, 3568, 3582, 3585, 3587, 3624, 3699, 3719, 3728, 3734, 3736, 3739, 3742, 3745, 3748, 3802, 3805, 3806, 3819, 4433, 4513, 4575, 4611, 4613, 4615, 4617
2664, 2669, 2671, 2676, 2691, 2692, 2699, 2700, 2705, 2714, 2741, 2752, 2773, 2789, 2804, 2808, 2816, 2820, 2828, 2844, 2845, 2857, 2879, 2884, 2939, 3083, 3114, 3116, 3119, 3120, 3122, 3159, 3161, 3162, 3165, 3168, 3169, 3174, 3176, 3177, 3179, 3180, 3186, 3189, 3204, 3207, 3212, 3220, 3221, 3228, 3233, 3234, 3236, 3237, 3239, 3241, 3249, 3264, 3282, 4042, 4058, 4066, 4083, 4092, 4094, 4113
589, 604, 613, 615, 690, 694, 701, 704, 711, 743, 754, 774, 802, 812, 819, 865, 866, 874, 889, 903, 969, 1041, 1049, 1068, 1086, 1103, 1112, 1146, 1165, 1179, 1194, 1195, 1225, 1249, 1317, 1370, 1397, 1410, 1496, 1522, 1541, 1560, 1562, 1623, 1633, 1669, 1682, 1733, 1740, 1796, 1869, 1870, 1871, 1888, 1890, 1900, 1910, 1980, 2014, 2018, 4440, 4536, 4538, 4539, 4540, 4581, 4583, 4584
1603, 1637, 1804, 1839, 2030, 2052, 2257, 2346, 2508, 2527, 2531, 2540, 2544, 2554, 2592, 2593, 2597, 2641, 2644, 2677, 2786, 2794, 2795, 2800, 2814, 2815, 2838, 2846, 2860, 2891, 2934, 2952, 2973, 2975, 2979, 2985, 2986, 3031, 3037, 3068, 3102, 3112, 3126, 3164, 3165, 3169, 3190, 3280, 3282, 3292, 3340, 3353, 3381, 3410, 3445, 3471, 3491, 3504, 3507, 3517, 3537, 3544, 3565, 3567, 3570, 3571, 3572, 3573, 3577, 3581, 4110, 4113, 4114, 4116, 4132, 4154, 4156
